
==== LINEAR MODEL ====
   Prob(F-statistic): 5.982060050420171e-13
   R2: 0.15752392211012
   Coeficiente: 79.30033537616941

==== LINEAR MODEL FORECASTING ====
    MAE: 0.6151922827860212
    RMSE: 27186.91765880235
